image: svr123.pgm
resolution: 0.02500000037252903
origin: [-9.278564431674415, -2.6695568517796042, 0.0]
negate: 0
occupied_thresh: 0.65
free_thresh: 0.25
